*vertices 548
1 0 0.0 0.0 ellipse
2 1 0.0 0.0 ellipse
3 2 0.0 0.0 ellipse
4 3 0.0 0.0 ellipse
5 4 0.0 0.0 ellipse
6 5 0.0 0.0 ellipse
7 6 0.0 0.0 ellipse
8 7 0.0 0.0 ellipse
9 8 0.0 0.0 ellipse
10 9 0.0 0.0 ellipse
11 10 0.0 0.0 ellipse
12 11 0.0 0.0 ellipse
13 12 0.0 0.0 ellipse
14 13 0.0 0.0 ellipse
15 14 0.0 0.0 ellipse
16 15 0.0 0.0 ellipse
17 16 0.0 0.0 ellipse
18 17 0.0 0.0 ellipse
19 18 0.0 0.0 ellipse
20 19 0.0 0.0 ellipse
21 20 0.0 0.0 ellipse
22 21 0.0 0.0 ellipse
23 22 0.0 0.0 ellipse
24 23 0.0 0.0 ellipse
25 24 0.0 0.0 ellipse
26 25 0.0 0.0 ellipse
27 26 0.0 0.0 ellipse
28 27 0.0 0.0 ellipse
29 28 0.0 0.0 ellipse
30 29 0.0 0.0 ellipse
31 30 0.0 0.0 ellipse
32 31 0.0 0.0 ellipse
33 32 0.0 0.0 ellipse
34 33 0.0 0.0 ellipse
35 34 0.0 0.0 ellipse
36 35 0.0 0.0 ellipse
37 36 0.0 0.0 ellipse
38 37 0.0 0.0 ellipse
39 38 0.0 0.0 ellipse
40 39 0.0 0.0 ellipse
41 40 0.0 0.0 ellipse
42 41 0.0 0.0 ellipse
43 42 0.0 0.0 ellipse
44 43 0.0 0.0 ellipse
45 44 0.0 0.0 ellipse
46 45 0.0 0.0 ellipse
47 46 0.0 0.0 ellipse
48 47 0.0 0.0 ellipse
49 48 0.0 0.0 ellipse
50 49 0.0 0.0 ellipse
51 50 0.0 0.0 ellipse
52 51 0.0 0.0 ellipse
53 52 0.0 0.0 ellipse
54 53 0.0 0.0 ellipse
55 54 0.0 0.0 ellipse
56 55 0.0 0.0 ellipse
57 56 0.0 0.0 ellipse
58 57 0.0 0.0 ellipse
59 58 0.0 0.0 ellipse
60 59 0.0 0.0 ellipse
61 60 0.0 0.0 ellipse
62 61 0.0 0.0 ellipse
63 62 0.0 0.0 ellipse
64 63 0.0 0.0 ellipse
65 64 0.0 0.0 ellipse
66 65 0.0 0.0 ellipse
67 66 0.0 0.0 ellipse
68 67 0.0 0.0 ellipse
69 68 0.0 0.0 ellipse
70 69 0.0 0.0 ellipse
71 70 0.0 0.0 ellipse
72 71 0.0 0.0 ellipse
73 72 0.0 0.0 ellipse
74 73 0.0 0.0 ellipse
75 74 0.0 0.0 ellipse
76 75 0.0 0.0 ellipse
77 76 0.0 0.0 ellipse
78 77 0.0 0.0 ellipse
79 78 0.0 0.0 ellipse
80 79 0.0 0.0 ellipse
81 80 0.0 0.0 ellipse
82 81 0.0 0.0 ellipse
83 82 0.0 0.0 ellipse
84 83 0.0 0.0 ellipse
85 84 0.0 0.0 ellipse
86 85 0.0 0.0 ellipse
87 86 0.0 0.0 ellipse
88 87 0.0 0.0 ellipse
89 88 0.0 0.0 ellipse
90 89 0.0 0.0 ellipse
91 90 0.0 0.0 ellipse
92 91 0.0 0.0 ellipse
93 92 0.0 0.0 ellipse
94 93 0.0 0.0 ellipse
95 94 0.0 0.0 ellipse
96 95 0.0 0.0 ellipse
97 96 0.0 0.0 ellipse
98 97 0.0 0.0 ellipse
99 98 0.0 0.0 ellipse
100 99 0.0 0.0 ellipse
101 100 0.0 0.0 ellipse
102 101 0.0 0.0 ellipse
103 102 0.0 0.0 ellipse
104 103 0.0 0.0 ellipse
105 104 0.0 0.0 ellipse
106 105 0.0 0.0 ellipse
107 106 0.0 0.0 ellipse
108 107 0.0 0.0 ellipse
109 108 0.0 0.0 ellipse
110 109 0.0 0.0 ellipse
111 110 0.0 0.0 ellipse
112 111 0.0 0.0 ellipse
113 112 0.0 0.0 ellipse
114 113 0.0 0.0 ellipse
115 114 0.0 0.0 ellipse
116 115 0.0 0.0 ellipse
117 116 0.0 0.0 ellipse
118 117 0.0 0.0 ellipse
119 118 0.0 0.0 ellipse
120 119 0.0 0.0 ellipse
121 120 0.0 0.0 ellipse
122 121 0.0 0.0 ellipse
123 122 0.0 0.0 ellipse
124 123 0.0 0.0 ellipse
125 124 0.0 0.0 ellipse
126 125 0.0 0.0 ellipse
127 126 0.0 0.0 ellipse
128 127 0.0 0.0 ellipse
129 128 0.0 0.0 ellipse
130 129 0.0 0.0 ellipse
131 130 0.0 0.0 ellipse
132 131 0.0 0.0 ellipse
133 132 0.0 0.0 ellipse
134 133 0.0 0.0 ellipse
135 134 0.0 0.0 ellipse
136 135 0.0 0.0 ellipse
137 136 0.0 0.0 ellipse
138 137 0.0 0.0 ellipse
139 138 0.0 0.0 ellipse
140 139 0.0 0.0 ellipse
141 140 0.0 0.0 ellipse
142 141 0.0 0.0 ellipse
143 142 0.0 0.0 ellipse
144 143 0.0 0.0 ellipse
145 144 0.0 0.0 ellipse
146 145 0.0 0.0 ellipse
147 146 0.0 0.0 ellipse
148 147 0.0 0.0 ellipse
149 148 0.0 0.0 ellipse
150 149 0.0 0.0 ellipse
151 150 0.0 0.0 ellipse
152 151 0.0 0.0 ellipse
153 152 0.0 0.0 ellipse
154 153 0.0 0.0 ellipse
155 154 0.0 0.0 ellipse
156 155 0.0 0.0 ellipse
157 156 0.0 0.0 ellipse
158 157 0.0 0.0 ellipse
159 158 0.0 0.0 ellipse
160 159 0.0 0.0 ellipse
161 160 0.0 0.0 ellipse
162 161 0.0 0.0 ellipse
163 162 0.0 0.0 ellipse
164 163 0.0 0.0 ellipse
165 164 0.0 0.0 ellipse
166 165 0.0 0.0 ellipse
167 166 0.0 0.0 ellipse
168 167 0.0 0.0 ellipse
169 168 0.0 0.0 ellipse
170 169 0.0 0.0 ellipse
171 170 0.0 0.0 ellipse
172 171 0.0 0.0 ellipse
173 172 0.0 0.0 ellipse
174 173 0.0 0.0 ellipse
175 174 0.0 0.0 ellipse
176 175 0.0 0.0 ellipse
177 176 0.0 0.0 ellipse
178 177 0.0 0.0 ellipse
179 178 0.0 0.0 ellipse
180 179 0.0 0.0 ellipse
181 180 0.0 0.0 ellipse
182 181 0.0 0.0 ellipse
183 182 0.0 0.0 ellipse
184 183 0.0 0.0 ellipse
185 184 0.0 0.0 ellipse
186 185 0.0 0.0 ellipse
187 186 0.0 0.0 ellipse
188 187 0.0 0.0 ellipse
189 188 0.0 0.0 ellipse
190 189 0.0 0.0 ellipse
191 190 0.0 0.0 ellipse
192 191 0.0 0.0 ellipse
193 192 0.0 0.0 ellipse
194 193 0.0 0.0 ellipse
195 194 0.0 0.0 ellipse
196 195 0.0 0.0 ellipse
197 196 0.0 0.0 ellipse
198 197 0.0 0.0 ellipse
199 198 0.0 0.0 ellipse
200 199 0.0 0.0 ellipse
201 200 0.0 0.0 ellipse
202 201 0.0 0.0 ellipse
203 202 0.0 0.0 ellipse
204 203 0.0 0.0 ellipse
205 204 0.0 0.0 ellipse
206 205 0.0 0.0 ellipse
207 206 0.0 0.0 ellipse
208 207 0.0 0.0 ellipse
209 208 0.0 0.0 ellipse
210 209 0.0 0.0 ellipse
211 210 0.0 0.0 ellipse
212 211 0.0 0.0 ellipse
213 212 0.0 0.0 ellipse
214 213 0.0 0.0 ellipse
215 214 0.0 0.0 ellipse
216 215 0.0 0.0 ellipse
217 216 0.0 0.0 ellipse
218 217 0.0 0.0 ellipse
219 218 0.0 0.0 ellipse
220 219 0.0 0.0 ellipse
221 220 0.0 0.0 ellipse
222 221 0.0 0.0 ellipse
223 222 0.0 0.0 ellipse
224 223 0.0 0.0 ellipse
225 224 0.0 0.0 ellipse
226 225 0.0 0.0 ellipse
227 226 0.0 0.0 ellipse
228 227 0.0 0.0 ellipse
229 228 0.0 0.0 ellipse
230 229 0.0 0.0 ellipse
231 230 0.0 0.0 ellipse
232 231 0.0 0.0 ellipse
233 232 0.0 0.0 ellipse
234 233 0.0 0.0 ellipse
235 234 0.0 0.0 ellipse
236 235 0.0 0.0 ellipse
237 236 0.0 0.0 ellipse
238 237 0.0 0.0 ellipse
239 238 0.0 0.0 ellipse
240 239 0.0 0.0 ellipse
241 240 0.0 0.0 ellipse
242 241 0.0 0.0 ellipse
243 242 0.0 0.0 ellipse
244 243 0.0 0.0 ellipse
245 244 0.0 0.0 ellipse
246 245 0.0 0.0 ellipse
247 246 0.0 0.0 ellipse
248 247 0.0 0.0 ellipse
249 248 0.0 0.0 ellipse
250 249 0.0 0.0 ellipse
251 250 0.0 0.0 ellipse
252 251 0.0 0.0 ellipse
253 252 0.0 0.0 ellipse
254 253 0.0 0.0 ellipse
255 254 0.0 0.0 ellipse
256 255 0.0 0.0 ellipse
257 256 0.0 0.0 ellipse
258 257 0.0 0.0 ellipse
259 258 0.0 0.0 ellipse
260 259 0.0 0.0 ellipse
261 260 0.0 0.0 ellipse
262 261 0.0 0.0 ellipse
263 262 0.0 0.0 ellipse
264 263 0.0 0.0 ellipse
265 264 0.0 0.0 ellipse
266 265 0.0 0.0 ellipse
267 266 0.0 0.0 ellipse
268 267 0.0 0.0 ellipse
269 268 0.0 0.0 ellipse
270 269 0.0 0.0 ellipse
271 270 0.0 0.0 ellipse
272 271 0.0 0.0 ellipse
273 272 0.0 0.0 ellipse
274 273 0.0 0.0 ellipse
275 274 0.0 0.0 ellipse
276 275 0.0 0.0 ellipse
277 276 0.0 0.0 ellipse
278 277 0.0 0.0 ellipse
279 278 0.0 0.0 ellipse
280 279 0.0 0.0 ellipse
281 280 0.0 0.0 ellipse
282 281 0.0 0.0 ellipse
283 282 0.0 0.0 ellipse
284 283 0.0 0.0 ellipse
285 284 0.0 0.0 ellipse
286 285 0.0 0.0 ellipse
287 286 0.0 0.0 ellipse
288 287 0.0 0.0 ellipse
289 288 0.0 0.0 ellipse
290 289 0.0 0.0 ellipse
291 290 0.0 0.0 ellipse
292 291 0.0 0.0 ellipse
293 292 0.0 0.0 ellipse
294 293 0.0 0.0 ellipse
295 294 0.0 0.0 ellipse
296 295 0.0 0.0 ellipse
297 296 0.0 0.0 ellipse
298 297 0.0 0.0 ellipse
299 298 0.0 0.0 ellipse
300 299 0.0 0.0 ellipse
301 300 0.0 0.0 ellipse
302 301 0.0 0.0 ellipse
303 302 0.0 0.0 ellipse
304 303 0.0 0.0 ellipse
305 304 0.0 0.0 ellipse
306 305 0.0 0.0 ellipse
307 306 0.0 0.0 ellipse
308 307 0.0 0.0 ellipse
309 308 0.0 0.0 ellipse
310 309 0.0 0.0 ellipse
311 310 0.0 0.0 ellipse
312 311 0.0 0.0 ellipse
313 312 0.0 0.0 ellipse
314 313 0.0 0.0 ellipse
315 314 0.0 0.0 ellipse
316 315 0.0 0.0 ellipse
317 316 0.0 0.0 ellipse
318 317 0.0 0.0 ellipse
319 318 0.0 0.0 ellipse
320 319 0.0 0.0 ellipse
321 320 0.0 0.0 ellipse
322 321 0.0 0.0 ellipse
323 322 0.0 0.0 ellipse
324 323 0.0 0.0 ellipse
325 324 0.0 0.0 ellipse
326 325 0.0 0.0 ellipse
327 326 0.0 0.0 ellipse
328 327 0.0 0.0 ellipse
329 328 0.0 0.0 ellipse
330 329 0.0 0.0 ellipse
331 330 0.0 0.0 ellipse
332 331 0.0 0.0 ellipse
333 332 0.0 0.0 ellipse
334 333 0.0 0.0 ellipse
335 334 0.0 0.0 ellipse
336 335 0.0 0.0 ellipse
337 336 0.0 0.0 ellipse
338 337 0.0 0.0 ellipse
339 338 0.0 0.0 ellipse
340 339 0.0 0.0 ellipse
341 340 0.0 0.0 ellipse
342 341 0.0 0.0 ellipse
343 342 0.0 0.0 ellipse
344 343 0.0 0.0 ellipse
345 344 0.0 0.0 ellipse
346 345 0.0 0.0 ellipse
347 346 0.0 0.0 ellipse
348 347 0.0 0.0 ellipse
349 348 0.0 0.0 ellipse
350 349 0.0 0.0 ellipse
351 350 0.0 0.0 ellipse
352 351 0.0 0.0 ellipse
353 352 0.0 0.0 ellipse
354 353 0.0 0.0 ellipse
355 354 0.0 0.0 ellipse
356 355 0.0 0.0 ellipse
357 356 0.0 0.0 ellipse
358 357 0.0 0.0 ellipse
359 358 0.0 0.0 ellipse
360 359 0.0 0.0 ellipse
361 360 0.0 0.0 ellipse
362 361 0.0 0.0 ellipse
363 362 0.0 0.0 ellipse
364 363 0.0 0.0 ellipse
365 364 0.0 0.0 ellipse
366 365 0.0 0.0 ellipse
367 366 0.0 0.0 ellipse
368 367 0.0 0.0 ellipse
369 368 0.0 0.0 ellipse
370 369 0.0 0.0 ellipse
371 370 0.0 0.0 ellipse
372 371 0.0 0.0 ellipse
373 372 0.0 0.0 ellipse
374 373 0.0 0.0 ellipse
375 374 0.0 0.0 ellipse
376 375 0.0 0.0 ellipse
377 376 0.0 0.0 ellipse
378 377 0.0 0.0 ellipse
379 378 0.0 0.0 ellipse
380 379 0.0 0.0 ellipse
381 380 0.0 0.0 ellipse
382 381 0.0 0.0 ellipse
383 382 0.0 0.0 ellipse
384 383 0.0 0.0 ellipse
385 384 0.0 0.0 ellipse
386 385 0.0 0.0 ellipse
387 386 0.0 0.0 ellipse
388 387 0.0 0.0 ellipse
389 388 0.0 0.0 ellipse
390 389 0.0 0.0 ellipse
391 390 0.0 0.0 ellipse
392 391 0.0 0.0 ellipse
393 392 0.0 0.0 ellipse
394 393 0.0 0.0 ellipse
395 394 0.0 0.0 ellipse
396 395 0.0 0.0 ellipse
397 396 0.0 0.0 ellipse
398 397 0.0 0.0 ellipse
399 398 0.0 0.0 ellipse
400 399 0.0 0.0 ellipse
401 400 0.0 0.0 ellipse
402 401 0.0 0.0 ellipse
403 402 0.0 0.0 ellipse
404 403 0.0 0.0 ellipse
405 404 0.0 0.0 ellipse
406 405 0.0 0.0 ellipse
407 406 0.0 0.0 ellipse
408 407 0.0 0.0 ellipse
409 408 0.0 0.0 ellipse
410 409 0.0 0.0 ellipse
411 410 0.0 0.0 ellipse
412 411 0.0 0.0 ellipse
413 412 0.0 0.0 ellipse
414 413 0.0 0.0 ellipse
415 414 0.0 0.0 ellipse
416 415 0.0 0.0 ellipse
417 416 0.0 0.0 ellipse
418 417 0.0 0.0 ellipse
419 418 0.0 0.0 ellipse
420 419 0.0 0.0 ellipse
421 420 0.0 0.0 ellipse
422 421 0.0 0.0 ellipse
423 422 0.0 0.0 ellipse
424 423 0.0 0.0 ellipse
425 424 0.0 0.0 ellipse
426 425 0.0 0.0 ellipse
427 426 0.0 0.0 ellipse
428 427 0.0 0.0 ellipse
429 428 0.0 0.0 ellipse
430 429 0.0 0.0 ellipse
431 430 0.0 0.0 ellipse
432 431 0.0 0.0 ellipse
433 432 0.0 0.0 ellipse
434 433 0.0 0.0 ellipse
435 434 0.0 0.0 ellipse
436 435 0.0 0.0 ellipse
437 436 0.0 0.0 ellipse
438 437 0.0 0.0 ellipse
439 438 0.0 0.0 ellipse
440 439 0.0 0.0 ellipse
441 440 0.0 0.0 ellipse
442 441 0.0 0.0 ellipse
443 442 0.0 0.0 ellipse
444 443 0.0 0.0 ellipse
445 444 0.0 0.0 ellipse
446 445 0.0 0.0 ellipse
447 446 0.0 0.0 ellipse
448 447 0.0 0.0 ellipse
449 448 0.0 0.0 ellipse
450 449 0.0 0.0 ellipse
451 450 0.0 0.0 ellipse
452 451 0.0 0.0 ellipse
453 452 0.0 0.0 ellipse
454 453 0.0 0.0 ellipse
455 454 0.0 0.0 ellipse
456 455 0.0 0.0 ellipse
457 456 0.0 0.0 ellipse
458 457 0.0 0.0 ellipse
459 458 0.0 0.0 ellipse
460 459 0.0 0.0 ellipse
461 460 0.0 0.0 ellipse
462 461 0.0 0.0 ellipse
463 462 0.0 0.0 ellipse
464 463 0.0 0.0 ellipse
465 464 0.0 0.0 ellipse
466 465 0.0 0.0 ellipse
467 466 0.0 0.0 ellipse
468 467 0.0 0.0 ellipse
469 468 0.0 0.0 ellipse
470 469 0.0 0.0 ellipse
471 470 0.0 0.0 ellipse
472 471 0.0 0.0 ellipse
473 472 0.0 0.0 ellipse
474 473 0.0 0.0 ellipse
475 474 0.0 0.0 ellipse
476 475 0.0 0.0 ellipse
477 476 0.0 0.0 ellipse
478 477 0.0 0.0 ellipse
479 478 0.0 0.0 ellipse
480 479 0.0 0.0 ellipse
481 480 0.0 0.0 ellipse
482 481 0.0 0.0 ellipse
483 482 0.0 0.0 ellipse
484 483 0.0 0.0 ellipse
485 484 0.0 0.0 ellipse
486 485 0.0 0.0 ellipse
487 486 0.0 0.0 ellipse
488 487 0.0 0.0 ellipse
489 488 0.0 0.0 ellipse
490 489 0.0 0.0 ellipse
491 490 0.0 0.0 ellipse
492 491 0.0 0.0 ellipse
493 492 0.0 0.0 ellipse
494 493 0.0 0.0 ellipse
495 494 0.0 0.0 ellipse
496 495 0.0 0.0 ellipse
497 496 0.0 0.0 ellipse
498 497 0.0 0.0 ellipse
499 498 0.0 0.0 ellipse
500 499 0.0 0.0 ellipse
501 500 0.0 0.0 ellipse
502 501 0.0 0.0 ellipse
503 502 0.0 0.0 ellipse
504 503 0.0 0.0 ellipse
505 504 0.0 0.0 ellipse
506 505 0.0 0.0 ellipse
507 506 0.0 0.0 ellipse
508 507 0.0 0.0 ellipse
509 508 0.0 0.0 ellipse
510 509 0.0 0.0 ellipse
511 510 0.0 0.0 ellipse
512 511 0.0 0.0 ellipse
513 512 0.0 0.0 ellipse
514 513 0.0 0.0 ellipse
515 514 0.0 0.0 ellipse
516 515 0.0 0.0 ellipse
517 516 0.0 0.0 ellipse
518 517 0.0 0.0 ellipse
519 518 0.0 0.0 ellipse
520 519 0.0 0.0 ellipse
521 520 0.0 0.0 ellipse
522 521 0.0 0.0 ellipse
523 522 0.0 0.0 ellipse
524 523 0.0 0.0 ellipse
525 524 0.0 0.0 ellipse
526 525 0.0 0.0 ellipse
527 526 0.0 0.0 ellipse
528 527 0.0 0.0 ellipse
529 528 0.0 0.0 ellipse
530 529 0.0 0.0 ellipse
531 530 0.0 0.0 ellipse
532 531 0.0 0.0 ellipse
533 532 0.0 0.0 ellipse
534 533 0.0 0.0 ellipse
535 534 0.0 0.0 ellipse
536 535 0.0 0.0 ellipse
537 536 0.0 0.0 ellipse
538 537 0.0 0.0 ellipse
539 538 0.0 0.0 ellipse
540 539 0.0 0.0 ellipse
541 540 0.0 0.0 ellipse
542 541 0.0 0.0 ellipse
543 542 0.0 0.0 ellipse
544 543 0.0 0.0 ellipse
545 544 0.0 0.0 ellipse
546 545 0.0 0.0 ellipse
547 546 0.0 0.0 ellipse
548 547 0.0 0.0 ellipse
*edges
1 2 0
1 1 0
2 2 800
2 3 1616
2 4 601
2 5 26
2 6 4250
2 7 5209
2 8 1082
2 9 697
2 10 954
2 11 937
2 12 562
2 13 4797
2 14 1573
2 15 4384
2 16 1845
2 17 2205
2 18 2420
2 19 2308
2 20 3442
2 21 3757
2 22 5121
2 23 4329
2 24 4698
2 25 4292
2 26 4801
2 27 6037
2 28 5684
2 29 5545
2 30 6994
2 31 5674
2 32 7108
2 33 7265
2 34 7880
2 35 8488
2 36 7578
2 37 11250
2 38 11258
2 39 12740
2 40 12853
2 41 14504
2 42 12546
2 43 15860
2 44 1451
2 45 1382
2 46 1315
2 47 1250
2 48 154
2 49 161
2 50 131
2 51 138
2 52 426
2 53 389
2 54 354
2 55 321
2 56 290
2 57 261
2 58 234
2 59 209
2 60 411
2 61 374
2 62 339
2 63 306
2 64 275
2 65 246
2 66 219
2 67 194
2 68 262
2 69 233
2 70 251
2 71 222
2 72 1106
2 73 1041
2 74 26
2 75 33
2 76 1099
2 77 1034
2 78 19
2 79 26
2 80 4166
2 81 4293
2 82 4195
2 83 4322
2 84 1509
2 85 2739
2 86 2834
2 87 2931
2 88 901
2 89 1106
2 90 2341
2 91 2426
2 92 2786
2 93 2881
2 94 702
2 95 2046
2 96 3230
2 97 906
2 98 885
2 99 794
2 100 891
2 101 3171
2 102 2771
2 103 1446
2 104 2526
2 105 1955
2 106 1621
2 107 1697
2 108 4106
2 109 1659
2 110 4179
2 111 1531
2 112 1538
2 113 1883
2 114 1610
2 115 1701
2 116 2501
2 117 1691
2 118 2123
2 119 2166
2 120 2211
2 121 1769
2 122 1774
2 123 2165
2 124 2206
2 125 2249
2 126 2294
2 127 2341
2 128 2390
2 129 2665
2 130 2250
2 131 2291
2 132 2334
2 133 2379
2 134 2426
2 135 2475
2 136 1938
2 137 1962
2 138 1986
2 139 2001
2 140 2037
2 141 2337
2 142 2378
2 143 2421
2 144 2466
2 145 2513
2 146 2562
2 147 2426
2 148 2467
2 149 2510
2 150 2555
2 151 2602
2 152 2651
2 153 2517
2 154 2558
2 155 2601
2 156 2646
2 157 2693
2 158 2742
2 159 2354
2 160 2739
2 161 2321
2 162 2449
2 163 2834
2 164 2427
2 165 2886
2 166 3186
2 167 3243
2 168 3177
2 169 3342
2 170 3401
2 171 4283
2 172 2666
2 173 2683
2 174 3278
2 175 3331
2 176 3386
2 177 3443
2 178 2730
2 179 3381
2 180 3434
2 181 3489
2 182 3546
2 183 3605
2 184 3666
2 185 3729
2 186 3930
2 187 2954
2 188 3134
2 189 3171
2 190 3486
2 191 3539
2 192 3594
2 193 3651
2 194 3710
2 195 3771
2 196 3834
2 197 3899
2 198 3966
2 199 4035
2 200 3278
2 201 3317
2 202 3493
2 203 3542
2 204 3593
2 205 3646
2 206 3701
2 207 3758
2 208 3817
2 209 3878
2 210 3941
2 211 4073
2 212 4142
2 213 3602
2 214 3651
2 215 3702
2 216 3810
2 217 3867
2 218 3926
2 219 3987
2 220 4050
2 221 4115
2 222 4182
2 223 4251
2 224 4322
2 225 3713
2 226 3762
2 227 3813
2 228 3866
2 229 4037
2 230 4098
2 231 4161
2 232 4226
2 233 4293
2 234 4362
2 235 3826
2 236 3926
2 237 4034
2 238 4150
2 239 4211
2 240 4274
2 241 4339
2 242 4406
2 243 4475
2 244 4546
2 245 4619
2 246 4694
2 247 4661
2 248 3990
2 249 4094
2 250 4149
2 251 4326
2 252 4389
2 253 4521
2 254 4590
2 255 4661
2 256 4809
2 257 6846
2 258 4926
2 259 3822
2 260 6971
2 261 3945
2 262 4499
2 263 5570
2 264 5726
2 265 4506
2 266 4641
2 267 4794
2 268 4778
2 269 5210
2 270 5493
2 271 5558
2 272 7694
2 273 8721
2 274 908
2 275 913
2 276 920
2 277 929
2 278 940
2 279 969
2 280 974
2 281 981
2 282 990
2 283 1001
2 284 1032
2 285 1037
2 286 1044
2 287 1053
2 288 1064
2 289 1097
2 290 1102
2 291 1109
2 292 1118
2 293 1129
2 294 1164
2 295 1169
2 296 1176
2 297 1185
2 298 1196
2 299 1713
2 300 1758
2 301 1805
2 302 1854
2 303 1905
2 304 1784
2 305 1829
2 306 1876
2 307 1925
2 308 1976
2 309 1857
2 310 1902
2 311 1949
2 312 1998
2 313 2049
2 314 1932
2 315 1977
2 316 2024
2 317 2073
2 318 2124
2 319 2009
2 320 2054
2 321 2101
2 322 2150
2 323 2201
2 324 1893
2 325 1928
2 326 1965
2 327 2004
2 328 2045
2 329 2088
2 330 2133
2 331 2180
2 332 2229
2 333 2280
2 334 2628
2 335 2693
2 336 2760
2 337 2829
2 338 2900
2 339 1974
2 340 2009
2 341 2046
2 342 2085
2 343 2126
2 344 2169
2 345 2214
2 346 2261
2 347 2310
2 348 2361
2 349 2709
2 350 2774
2 351 2841
2 352 2910
2 353 2981
2 354 2057
2 355 2092
2 356 2129
2 357 2168
2 358 2209
2 359 2252
2 360 2297
2 361 2344
2 362 2393
2 363 2444
2 364 2792
2 365 2857
2 366 2924
2 367 2993
2 368 3064
2 369 2142
2 370 2177
2 371 2214
2 372 2253
2 373 2294
2 374 2337
2 375 2382
2 376 2429
2 377 2478
2 378 2529
2 379 2877
2 380 2942
2 381 3009
2 382 3078
2 383 3149
2 384 2229
2 385 2264
2 386 2301
2 387 2340
2 388 2381
2 389 2424
2 390 2469
2 391 2516
2 392 2565
2 393 2616
2 394 2964
2 395 3029
2 396 3096
2 397 3165
2 398 3236
2 399 2318
2 400 2353
2 401 2390
2 402 2429
2 403 2470
2 404 2409
2 405 2444
2 406 2481
2 407 2520
2 408 2561
2 409 2502
2 410 2537
2 411 2574
2 412 2613
2 413 2654
2 414 2597
2 415 2632
2 416 2669
2 417 2708
2 418 2749
2 419 2694
2 420 2729
2 421 2766
2 422 2805
2 423 2846
2 424 2793
2 425 2828
2 426 2865
2 427 2904
2 428 2945
2 429 2894
2 430 2929
2 431 2966
2 432 3005
2 433 3046
2 434 2997
2 435 3032
2 436 3069
2 437 3108
2 438 3149
2 439 3102
2 440 3137
2 441 3174
2 442 3213
2 443 3254
2 444 3209
2 445 3244
2 446 3281
2 447 3320
2 448 3361
2 449 3318
2 450 3353
2 451 3390
2 452 3429
2 453 3470
2 454 4793
2 455 4878
2 456 4965
2 457 5054
2 458 5145
2 459 3429
2 460 3464
2 461 3501
2 462 3540
2 463 3581
2 464 4904
2 465 4989
2 466 5076
2 467 5165
2 468 5256
2 469 3542
2 470 3577
2 471 3614
2 472 3653
2 473 3694
2 474 5017
2 475 5102
2 476 5189
2 477 5278
2 478 5369
2 479 3657
2 480 3692
2 481 3729
2 482 3768
2 483 3809
2 484 5132
2 485 5217
2 486 5304
2 487 5393
2 488 5484
2 489 3774
2 490 3809
2 491 3846
2 492 3885
2 493 3926
2 494 5249
2 495 5334
2 496 5421
2 497 5510
2 498 5601
2 499 8788
2 500 8933
2 501 9080
2 502 9229
2 503 9380
2 504 8909
2 505 9054
2 506 9201
2 507 9350
2 508 9501
2 509 9032
2 510 9177
2 511 9324
2 512 9473
2 513 9624
2 514 9157
2 515 9302
2 516 9449
2 517 9598
2 518 9749
2 519 9284
2 520 9429
2 521 9576
2 522 9725
2 523 9876
2 524 7773
2 525 7848
2 526 7925
2 527 8004
2 528 8085
2 529 7934
2 530 8009
2 531 8086
2 532 8165
2 533 8246
2 534 8097
2 535 8172
2 536 8249
2 537 8328
2 538 8409
2 539 8262
2 540 8337
2 541 8414
2 542 8493
2 543 8574
2 544 8429
2 545 8504
2 546 8581
2 547 8660
2 548 8741
3 3 1616
4 4 601
5 5 26
6 6 4250
7 7 5209
8 8 1082
9 9 697
10 10 954
11 11 937
12 12 562
13 13 4797
14 14 1573
15 15 4384
16 16 1845
17 17 2205
18 18 2420
19 19 2308
20 20 3442
21 21 3757
22 22 5121
23 23 4329
24 24 4698
25 25 4292
26 26 4801
27 27 6037
28 28 5684
29 29 5545
30 30 6994
31 31 5674
32 32 7108
33 33 7265
34 34 7880
35 35 8488
36 36 7578
37 37 11250
38 38 11258
39 39 12740
40 40 12853
41 41 14504
42 42 12546
43 43 15860
44 44 1451
45 45 1382
46 46 1315
47 47 1250
48 48 154
49 49 161
50 50 131
51 51 138
52 52 426
53 53 389
54 54 354
55 55 321
56 56 290
57 57 261
58 58 234
59 59 209
60 60 411
61 61 374
62 62 339
63 63 306
64 64 275
65 65 246
66 66 219
67 67 194
68 68 262
69 69 233
70 70 251
71 71 222
72 72 1106
73 73 1041
74 74 26
75 75 33
76 76 1099
77 77 1034
78 78 19
79 79 26
80 80 4166
81 81 4293
82 82 4195
83 83 4322
84 84 1509
85 85 2739
86 86 2834
87 87 2931
88 88 901
89 89 1106
90 90 2341
91 91 2426
92 92 2786
93 93 2881
94 94 702
95 95 2046
96 96 3230
97 97 906
98 98 885
99 99 794
100 100 891
101 101 3171
102 102 2771
103 103 1446
104 104 2526
105 105 1955
106 106 1621
107 107 1697
108 108 4106
109 109 1659
110 110 4179
111 111 1531
112 112 1538
113 113 1883
114 114 1610
115 115 1701
116 116 2501
117 117 1691
118 118 2123
119 119 2166
120 120 2211
121 121 1769
122 122 1774
123 123 2165
124 124 2206
125 125 2249
126 126 2294
127 127 2341
128 128 2390
129 129 2665
130 130 2250
131 131 2291
132 132 2334
133 133 2379
134 134 2426
135 135 2475
136 136 1938
137 137 1962
138 138 1986
139 139 2001
140 140 2037
141 141 2337
142 142 2378
143 143 2421
144 144 2466
145 145 2513
146 146 2562
147 147 2426
148 148 2467
149 149 2510
150 150 2555
151 151 2602
152 152 2651
153 153 2517
154 154 2558
155 155 2601
156 156 2646
157 157 2693
158 158 2742
159 159 2354
160 160 2739
161 161 2321
162 162 2449
163 163 2834
164 164 2427
165 165 2886
166 166 3186
167 167 3243
168 168 3177
169 169 3342
170 170 3401
171 171 4283
172 172 2666
173 173 2683
174 174 3278
175 175 3331
176 176 3386
177 177 3443
178 178 2730
179 179 3381
180 180 3434
181 181 3489
182 182 3546
183 183 3605
184 184 3666
185 185 3729
186 186 3930
187 187 2954
188 188 3134
189 189 3171
190 190 3486
191 191 3539
192 192 3594
193 193 3651
194 194 3710
195 195 3771
196 196 3834
197 197 3899
198 198 3966
199 199 4035
200 200 3278
201 201 3317
202 202 3493
203 203 3542
204 204 3593
205 205 3646
206 206 3701
207 207 3758
208 208 3817
209 209 3878
210 210 3941
211 211 4073
212 212 4142
213 213 3602
214 214 3651
215 215 3702
216 216 3810
217 217 3867
218 218 3926
219 219 3987
220 220 4050
221 221 4115
222 222 4182
223 223 4251
224 224 4322
225 225 3713
226 226 3762
227 227 3813
228 228 3866
229 229 4037
230 230 4098
231 231 4161
232 232 4226
233 233 4293
234 234 4362
235 235 3826
236 236 3926
237 237 4034
238 238 4150
239 239 4211
240 240 4274
241 241 4339
242 242 4406
243 243 4475
244 244 4546
245 245 4619
246 246 4694
247 247 4661
248 248 3990
249 249 4094
250 250 4149
251 251 4326
252 252 4389
253 253 4521
254 254 4590
255 255 4661
256 256 4809
257 257 6846
258 258 4926
259 259 3822
260 260 6971
261 261 3945
262 262 4499
263 263 5570
264 264 5726
265 265 4506
266 266 4641
267 267 4794
268 268 4778
269 269 5210
270 270 5493
271 271 5558
272 272 7694
273 273 8721
274 274 908
275 275 913
276 276 920
277 277 929
278 278 940
279 279 969
280 280 974
281 281 981
282 282 990
283 283 1001
284 284 1032
285 285 1037
286 286 1044
287 287 1053
288 288 1064
289 289 1097
290 290 1102
291 291 1109
292 292 1118
293 293 1129
294 294 1164
295 295 1169
296 296 1176
297 297 1185
298 298 1196
299 299 1713
300 300 1758
301 301 1805
302 302 1854
303 303 1905
304 304 1784
305 305 1829
306 306 1876
307 307 1925
308 308 1976
309 309 1857
310 310 1902
311 311 1949
312 312 1998
313 313 2049
314 314 1932
315 315 1977
316 316 2024
317 317 2073
318 318 2124
319 319 2009
320 320 2054
321 321 2101
322 322 2150
323 323 2201
324 324 1893
325 325 1928
326 326 1965
327 327 2004
328 328 2045
329 329 2088
330 330 2133
331 331 2180
332 332 2229
333 333 2280
334 334 2628
335 335 2693
336 336 2760
337 337 2829
338 338 2900
339 339 1974
340 340 2009
341 341 2046
342 342 2085
343 343 2126
344 344 2169
345 345 2214
346 346 2261
347 347 2310
348 348 2361
349 349 2709
350 350 2774
351 351 2841
352 352 2910
353 353 2981
354 354 2057
355 355 2092
356 356 2129
357 357 2168
358 358 2209
359 359 2252
360 360 2297
361 361 2344
362 362 2393
363 363 2444
364 364 2792
365 365 2857
366 366 2924
367 367 2993
368 368 3064
369 369 2142
370 370 2177
371 371 2214
372 372 2253
373 373 2294
374 374 2337
375 375 2382
376 376 2429
377 377 2478
378 378 2529
379 379 2877
380 380 2942
381 381 3009
382 382 3078
383 383 3149
384 384 2229
385 385 2264
386 386 2301
387 387 2340
388 388 2381
389 389 2424
390 390 2469
391 391 2516
392 392 2565
393 393 2616
394 394 2964
395 395 3029
396 396 3096
397 397 3165
398 398 3236
399 399 2318
400 400 2353
401 401 2390
402 402 2429
403 403 2470
404 404 2409
405 405 2444
406 406 2481
407 407 2520
408 408 2561
409 409 2502
410 410 2537
411 411 2574
412 412 2613
413 413 2654
414 414 2597
415 415 2632
416 416 2669
417 417 2708
418 418 2749
419 419 2694
420 420 2729
421 421 2766
422 422 2805
423 423 2846
424 424 2793
425 425 2828
426 426 2865
427 427 2904
428 428 2945
429 429 2894
430 430 2929
431 431 2966
432 432 3005
433 433 3046
434 434 2997
435 435 3032
436 436 3069
437 437 3108
438 438 3149
439 439 3102
440 440 3137
441 441 3174
442 442 3213
443 443 3254
444 444 3209
445 445 3244
446 446 3281
447 447 3320
448 448 3361
449 449 3318
450 450 3353
451 451 3390
452 452 3429
453 453 3470
454 454 4793
455 455 4878
456 456 4965
457 457 5054
458 458 5145
459 459 3429
460 460 3464
461 461 3501
462 462 3540
463 463 3581
464 464 4904
465 465 4989
466 466 5076
467 467 5165
468 468 5256
469 469 3542
470 470 3577
471 471 3614
472 472 3653
473 473 3694
474 474 5017
475 475 5102
476 476 5189
477 477 5278
478 478 5369
479 479 3657
480 480 3692
481 481 3729
482 482 3768
483 483 3809
484 484 5132
485 485 5217
486 486 5304
487 487 5393
488 488 5484
489 489 3774
490 490 3809
491 491 3846
492 492 3885
493 493 3926
494 494 5249
495 495 5334
496 496 5421
497 497 5510
498 498 5601
499 499 8788
500 500 8933
501 501 9080
502 502 9229
503 503 9380
504 504 8909
505 505 9054
506 506 9201
507 507 9350
508 508 9501
509 509 9032
510 510 9177
511 511 9324
512 512 9473
513 513 9624
514 514 9157
515 515 9302
516 516 9449
517 517 9598
518 518 9749
519 519 9284
520 520 9429
521 521 9576
522 522 9725
523 523 9876
524 524 7773
525 525 7848
526 526 7925
527 527 8004
528 528 8085
529 529 7934
530 530 8009
531 531 8086
532 532 8165
533 533 8246
534 534 8097
535 535 8172
536 536 8249
537 537 8328
538 538 8409
539 539 8262
540 540 8337
541 541 8414
542 542 8493
543 543 8574
544 544 8429
545 545 8504
546 546 8581
547 547 8660
548 548 8741
